25
0.3562095341860396 0.12362624050989979
1.977626648181737 0.12362624050989979
1.1824883238837791 0.4791903441190335
1.1824883238837791 0.12362624050989979
1.8949762568326682 0.12362624050989979
1.8949762568326682 0.11283516377040495
1.8949762568326682 0.11283516377040495
1.1685556249182338 -0.22581342935840876
1.1685556249182338 -0.22581342935840876
1.8949762568326682 0.08321597662834171
1.8949762568326682 0.08321597662834171
1.8949762568326682 0.08321597662834171
1.8949762568326682 0.08321597662834171
1.8949762568326682 0.08321597662834171
1.8949762568326682 0.08321597662834171
1.8949762568326682 0.08321597662834171
1.8949762568326682 0.08321597662834171
1.8949762568326682 0.08321597662834171
1.8949762568326682 0.08321597662834171
1.8949762568326682 0.08321597662834171
1.8949762568326682 0.08321597662834171
1.8949762568326682 0.08321597662834171
1.8949762568326682 0.08321597662834171
1.8949762568326682 0.08321597662834171
1.8949762568326682 0.08321597662834171
